2 0.4515625 0.3921875 0.05859375 0.14453125
2 0.325 0.97265625 0.1296875 0.04921875
2 0.26015625 0.265625 0.06640625 0.2390625
2 0.3609375 0.81796875 0.07578125 0.14453125
2 0.3203125 0.5828125 0.0734375 0.2765625
1 0.64609375 0.95859375 0.20078125 0.07578125
2 0.5171875 0.62890625 0.05 0.10234375
2 0.5765625 0.83125 0.053125 0.11171875
2 0.5074734375000001 0.6420416671875 0.543478125 0.7761520828124999 0.5672546875 0.7679979171875 0.529890625 0.6293541671875 0.5074734375000001 0.6420416671875
2 0.5788046875 0.4481229171875 0.5645374999999999 0.44993541718749996 0.5584234375 0.4589958328125 0.5645374999999999 0.47621250000000004 0.5625 0.47349583281249996 0.610734375 0.6393229171875 0.6270374999999999 0.6384166671875 0.621603125 0.5940145828125 0.5788046875 0.4481229171875
2 0.6277171874999999 0.6909729171875 0.6949734375000001 0.9211375 0.7126359375 0.9120770828125 0.6426624999999999 0.68463125 0.6277171874999999 0.6909729171875
2 0.3172546875 0.9442937499999999 0.38315156250000004 0.9428854171875001 0.371603125 0.8885166671875 0.3485046875 0.8993895828125 0.3172546875 0.9442937499999999
1 0.1956515625 0.6420416671875 0.22350468750000002 0.610325 0.14402187500000002 0.6012625 0.11480937499999999 0.6266354171875 0.11956562500000001 0.6438520828125001 0.1956515625 0.6420416671875